1
1
0
13495033
13232120
12773110
12248564
12117233
11722475
11524067
11326428
10997463
10669267
10537681
10800851
11523033
12508128
13492455
14214892
14609134
14872304
15134706
15396848
15396591
15461869
15396076
15198952
14870501
14738915
14476256
14278877
14146779
14015193
13948631
13882838
13751766
13883352
14080731
14278110
14540768
14540768
14540767
14474974
14277595
14211802
13817814
13225677
12568004
11778488
10857386
10199711
9607572
8621702
7438196
5794140
3623483
1912865
1123349
794384
662286
596238
596238
596493
728591
992277
1256217
1388572
1324060
1325343
1522977
1655077
1786920
1721897
2182707
2841409
3631955
4290916
5212281
5739913
6003859
1
1
0
7451057
7910580
8435897
9223360
9748933
10077130
10273739
10339533
10076875
9683401
9355207
8896197
8633795
8042941
7714233
7451831
6992309
6662829
6596003
6659734
6591109
6128497
5402199
4479296
4279860
6186575
8225134
9409155
10329749
11119270
11580082
11580343
11449529
11515322
11909308
12237498
12302262
12302512
11776422
10856086
9673094
8556152
9214600
9807252
9872797
10596267
11318712
12041666
12765130
13159888
13028300
12633542
12107453
10857131
9607580
9278360
9146776
9080728
9080728
9212314
9475741
9936290
10462889
10726575
11252919
10924981
10399405
9742758
9348000
8953751
8558478
8032388
6914934
5864043
4352086
2378810
995870
1
1
0
463108
397315
200706
3841
3584
3841
3841
3584
200704
662025
1320981
1849377
1983787
1986098
2250810
2449218
2843723
3172688
3436117
3568473
3700059
3635294
3701088
3635552
3701092
3701092
3700579
3568479
3567964
3436118
3106895
2777930
2251331
1988159
1724728
1395761
1394733
1394218
1262374
1261860
1327137
1260830
1128986
996886
733714
535821
272394
206087
336903
402439
468232
665611
928269
1059855
1126162
1323541
1653018
1719325
1917472
2049828
2247207
2248234
2445612
2380589
2576432
2511152
2314801
2119219
1923383
1859131
1794625
1467716
1008708
746054
483143
286025
286283
1
1
15264491
15264491
15067111
14606560
13949653
12963270
11648948
10860201
10466214
10532008
10992819
11715520
12109769
12635346
13095638
13555922
13686993
13555668
13423828
13226709
13291733
12962770
12699598
12369863
11516092
10596530
9875118
9153450
8300966
7710884
7383721
7385268
7978436
9095887
9424339
9752275
10146519
10475225
10737883
10738138
10672345
10738138
10935517
11132126
11066333
11197150
11066334
11197920
11066848
11000801
10935008
11066080
11394018
12115683
12706019
13164513
13755362
14542823
15002859
15265262
15396848
15331571
15528436
15659509
15856374
15791349
15857142
15791861
15791861
15791861
15857654
15660790
15529464
15332600
15004408
14610679
14151414
13823479
1
1
1
1
1
1
1
1
1
1
1
1
1
1
1
1
1
1
1
1
1
1
1
1
1
1
1
1
1
1
1
1
1
1
1
1
1
1
1
1
1
1
1
1
1
1
1
1
1
1
1
1
1
1
1
1
1
1
1
1
1
1
1
1
1
1
1
1
1
1
1
1
1
1
1
1
1
1
1
1
1
463108
397315
200706
3841
3584
3841
3841
3584
200704
662025
1320981
1849377
1983787
1986098
2250810
2449218
2843723
3172688
3436117
3568473
3700059
3635294
3701088
3635552
3701092
3701092
3700579
3568479
3567964
3436118
3106895
2777930
2251331
1988159
1724728
1395761
1394733
1394218
1262374
1261860
1327137
1260830
1128986
996886
733714
535821
272394
206087
336903
402439
468232
665611
928269
1059855
1126162
1323541
1653018
1719325
1917472
2049828
2247207
2248234
2445612
2380589
2576432
2511152
2314801
2119219
1923383
1859131
1794625
1467716
1008708
746054
483143
286025
286283
286029
1
1
0
15132905
15198698
15067111
14672353
14015446
13094856
11780534
10991787
10400421
10334629
10663854
11320762
11649218
12109002
12437963
12963015
12963524
12963015
12765897
12766158
12766159
12633550
12370378
11975875
11187387
10464945
9743277
8824999
7972001
7381919
6988963
7319475
8109252
9095887
9489618
9686482
10080726
10606297
10737883
10606552
10474966
10606552
10869724
11132126
11066333
11131357
11197150
11132127
11132127
10935008
10869215
11197152
11525344
12049890
12640226
13230306
13821155
14674409
15068652
15331055
15396848
15265778
15462643
15725302
15922167
15791349
15791349
15726068
15791861
15857654
15923447
15660790
15529718
15463672
15201271
14676472
14348534
1
1
1
6859433
15461870
15330284
15264491
15001319
14474974
13752020
12765636
11451569
10728360
10860458
11255731
11848128
12570829
13162197
13687775
14147812
14279397
14410469
14213090
13949918
13686491
13620439
13422547
13225422
13027528
12239294
11253681
10072232
8956322
7905947
7316123
6989217
6794929
7322047
8242122
8832975
9161167
9752275
10343641
10672090
11066334
11066334
10935262
11001055
11197920
11197920
10935262
10935262
10935008
10869985
10869730
10672608
10606558
10934494
11590367
12312289
12901855
13557983
14082786
14608101
14936552
15133931
15331055
15528434
15593970
15725556
15857142
15922935
15857654
15857654
15857654
15857399
15528950
15332086
15003894
14479093
13953781
1
1
463362
11920372
11395830
10806004
10347251
9822448
9231083
8704739
8113885
7654102
7588309
7654357
8441816
9753823
11131365
12508652
13362159
13953267
14281971
14544371
14806513
14806256
15068399
15067883
14936552
14870759
14739428
14542049
14344670
14344158
14278365
14343389
14277596
14212317
14278110
14343903
14343903
14409181
14343388
14211802
14080216
13948630
13751506
13159883
12633539
12107708
11581362
10989227
10332065
9477009
8688262
7636343
6123615
4084032
2373669
1386774
860175
794384
794129
925458
925970
926484
1058838
1191193
1192474
1588001
1391650
1391905
1457698
1523748
1327139
1326884
1459499
1657651
1921598
2383436
3042396
3569773
1
1
220496
5741205
6200984
6726559
7251876
7645866
7974317
8039855
7974832
7909298
7647667
7451058
6991278
6400171
6006181
5677729
5676957
5741205
5608333
5343873
4684141
3564113
2706488
2112034
1649683
1977107
3883820
6448978
8553331
9737350
10460820
10986909
11053477
10922922
10659752
10725543
10791075
10725021
10527897
9673355
8555897
7174756
7635822
9215114
10728100
11122864
11385783
11845056
12239045
12830410
13093582
13094093
12699335
11910589
10529196
8884632
7635337
7109508
6583424
5794682
5268852
5466485
6059391
6914700
7637907
8688280
9148315
8952475
8492692
8164238
7770504
7047034
6192494
5404774
3696208
1921852
803885
210720
1
1
397315
200706
3841
3841
3841
69120
69120
200192
398083
860173
1388312
1719587
1853228
2118196
2250811
2645828
2909516
3238738
3371092
3568471
3503708
3635295
3569759
3569506
3569506
3503200
3502686
3567964
3567704
3370067
3041102
2579782
2250817
1724728
1461554
1657905
1723183
1722925
1788204
1722665
1787688
1721381
1589538
1326366
1062424
667666
535566
600075
534282
534282
665868
863245
994831
1192210
1389589
1718811
1850911
1983265
2181414
2379048
2379819
2511405
2446382
2642225
2576945
2380594
2185012
1989431
1793852
1663809
1533509
942915
614468
417605
220486
154697
220236
154703
1
1
1
1
1
1
1
1
1
1
1
1
1
1
1
1
1
1
1
1
1
1
1
1
1
1
1
1
1
1
1
1
1
1
1
1
1
1
1
1
1
1
1
1
1
1
1
1
1
1
1
1
1
1
1
1
1
1
1
1
1
1
1
1
1
1
1
1
1
1
1
1
1
1
1
1
1
1
1
1
1
5741205
6200984
6726559
7251876
7645866
7974317
8039855
7974832
7909298
7647667
7451058
6991278
6400171
6006181
5677729
5676957
5741205
5608333
5343873
4684141
3564113
2706488
2112034
1649683
1977107
3883820
6448978
8553331
9737350
10460820
10986909
11053477
10922922
10659752
10725543
10791075
10725021
10527897
9673355
8555897
7174756
7635822
9215114
10728100
11122864
11385783
11845056
12239045
12830410
13093582
13094093
12699335
11910589
10529196
8884632
7635337
7109508
6583424
5794682
5268852
5466485
6059391
6914700
7637907
8688280
9148315
8952475
8492692
8164238
7770504
7047034
6192494
5404774
3696208
1921852
803885
210720
77593
1
1
463108
397315
200706
3841
3584
3841
3841
3584
200704
662025
1320981
1849377
1983787
1986098
2250810
2449218
2843723
3172688
3436117
3568473
3700059
3635294
3701088
3635552
3701092
3701092
3700579
3568479
3567964
3436118
3106895
2777930
2251331
1988159
1724728
1395761
1394733
1394218
1262374
1261860
1327137
1260830
1128986
996886
733714
535821
272394
206087
336903
402439
468232
665611
928269
1059855
1126162
1323541
1653018
1719325
1917472
2049828
2247207
2248234
2445612
2380589
2576432
2511152
2314801
2119219
1923383
1859131
1794625
1467716
1008708
746054
483143
286025
286283
286029
1
1
1
12313328
136454
200706
69120
134913
200706
265729
265472
331265
528128
265728
332032
596231
861968
1324059
1851687
1984814
2118456
2251072
2646598
2975820
3107920
3240276
3174743
3174744
3174747
3174748
3173980
3042649
3304792
3304792
3304532
3106640
2909002
2514244
2184509
1987384
1987639
2184248
2250296
2381368
2381366
2446902
2381109
2512181
2445618
2182446
1919274
1787174
1457182
1325082
1062165
1127188
1127188
1258260
1390100
1521686
1719579
1916958
2180644
2379048
2576427
2511405
2642991
2512175
2511920
2446641
2381618
2185780
2055481
1728571
1467198
1205313
745536
352065
154947
23364
89159
1
1
5281424
15528177
15396591
15396077
15001319
14409181
13620434
12634050
11253936
10596774
10860458
11387317
12242372
13162451
13754333
14345190
14542570
14476523
14279144
13950433
13686746
13620437
13488848
13422280
13093824
12567733
11516329
10135963
8493708
7049091
6196098
6001034
5938073
6138541
6402488
7191489
7914184
8438985
9095374
9818069
10409434
10671836
10934494
11066080
10935008
11000801
10804192
10607070
10278619
10147803
10016731
10016476
10016476
10081755
10409436
10933980
11589338
12376795
13032412
13622748
14016734
14476001
14804709
15002090
15265262
15528432
15594225
15594482
15660275
15725811
15791604
15791349
15791608
15659767
15200760
14741496
14282232
13626358
1
1
204043
9951724
9230574
8706028
8181740
7525867
6803430
5884384
5096666
4309460
4309717
4572631
5753820
7459043
9098984
11131889
12312820
12969717
13560565
13822965
14019314
14150128
14412271
14543084
14542569
14477030
14542308
14476001
14344415
14344158
14278365
14540253
14343388
14343389
14146524
14146524
14014938
14080216
14014423
13948885
13883092
13620434
13423309
13094344
12568512
12173754
11516594
10727078
10069146
9149322
8163196
6847847
5072205
3230001
1914655
1388311
1059347
992530
1058324
1124117
1058838
1059352
1191450
1324060
1390367
1062685
1392163
1523749
1523749
1523748
1261346
1130019
1262120
1657137
1527094
1528381
1529155
1464905
1
1
4885892
5477515
6003345
6463128
6725532
6857120
6726305
6529441
6267810
6070945
5545885
5282971
4954775
4691603
4756108
5016964
4817784
4224360
3235920
1918259
1324320
1322519
1583890
1648142
2831132
4935739
7566690
9408383
10066058
10460562
10855323
10658719
10264991
10265245
10199707
9870995
9476492
8490363
7306857
6386524
7570543
9281677
10991786
11714487
11845565
12304838
12370631
12830410
12961996
12962509
12502472
11713470
10463918
8556439
6846850
5992059
5335159
4546416
4020586
3824491
4219761
4877691
5469054
6651012
7177096
7375498
7178887
6850946
6456441
5733227
4944477
3827793
2381888
936753
279337
80674
13340
11030
1
1
1
1
1
1
1
1
1
1
1
1
1
1
1
1
1
1
1
1
1
1
1
1
1
1
1
1
1
1
1
1
1
1
1
1
1
1
1
1
1
1
1
1
1
1
1
1
1
1
1
1
1
1
1
1
1
1
1
1
1
1
1
1
1
1
1
1
1
1
1
1
1
1
1
1
1
1
1
1
1
9951724
9230574
8706028
8181740
7525867
6803430
5884384
5096666
4309460
4309717
4572631
5753820
7459043
9098984
11131889
12312820
12969717
13560565
13822965
14019314
14150128
14412271
14543084
14542569
14477030
14542308
14476001
14344415
14344158
14278365
14540253
14343388
14343389
14146524
14146524
14014938
14080216
14014423
13948885
13883092
13620434
13423309
13094344
12568512
12173754
11516594
10727078
10069146
9149322
8163196
6847847
5072205
3230001
1914655
1388311
1059347
992530
1058324
1124117
1058838
1059352
1191450
1324060
1390367
1062685
1392163
1523749
1523749
1523748
1261346
1130019
1262120
1657137
1527094
1528381
1529155
1464905
1531216
1
1
5741205
6200984
6726559
7251876
7645866
7974317
8039855
7974832
7909298
7647667
7451058
6991278
6400171
6006181
5677729
5676957
5741205
5608333
5343873
4684141
3564113
2706488
2112034
1649683
1977107
3883820
6448978
8553331
9737350
10460820
10986909
11053477
10922922
10659752
10725543
10791075
10725021
10527897
9673355
8555897
7174756
7635822
9215114
10728100
11122864
11385783
11845056
12239045
12830410
13093582
13094093
12699335
11910589
10529196
8884632
7635337
7109508
6583424
5794682
5268852
5466485
6059391
6914700
7637907
8688280
9148315
8952475
8492692
8164238
7770504
7047034
6192494
5404774
3696208
1921852
803885
210720
77593
1
1
1
219981
1860434
2123349
2583131
2977375
3371365
3700075
3963762
4095862
4096378
4097149
4031871
3835006
3835006
3769213
3177076
2978408
3172443
2446404
1327408
734499
601372
863000
1058838
1057552
990475
1121288
2106899
4080175
6382416
8093034
9145211
9605507
9606280
9344137
9278858
8754310
7965819
6980463
5862750
4678731
5138512
7111788
8952969
10794408
11845818
11976382
12435656
12435656
12435653
12369859
12370372
11713470
10858676
9740713
7701905
5268852
4151145
3954540
3692398
3495791
3299440
3102831
2905964
2774631
2841186
2710622
2645852
2712154
2646099
2251080
1856575
1593656
1002799
543531
150315
84522
82983
1
1
11329519
532494
399367
4355
135427
266499
265729
331265
397058
528130
397312
463105
398338
399622
729612
1323033
1719332
1722157
1921077
2382142
2646083
2843976
3041613
2845264
2648400
2713939
2713684
2844501
2712915
2844242
2975313
2843468
2646089
2645830
2711107
2579521
2447935
2317118
2514497
2711876
2974533
2974533
3040326
3106119
3106119
3105605
2842433
2513468
2381368
2314032
2050346
1589537
1260572
1260312
1325335
1325335
1522200
1654041
1917213
2180899
2444841
2511148
2642734
2577198
2446382
2446641
2381618
2250803
2054708
1858870
1531192
1204026
876348
482876
154686
23358
23105
23109
1
1
2387040
15396850
15265264
15133678
14869993
14278110
13686485
12634566
11451315
11386290
11386802
11387317
11781821
12570568
13096658
13555928
13621467
13818332
13555414
13226189
12765636
12436923
12041905
11383712
10660244
9344639
7701355
5729366
4218959
3629910
4027244
4950918
5610909
5613484
5615027
6403514
7060673
7519940
8176329
8964301
9752276
10277850
10540765
10738144
10672351
10475999
10148062
9753817
9162708
8966099
8769234
8768980
8834773
9163224
9556184
9948885
10341584
10997199
11718350
12505295
13096146
13555668
14015705
14409951
14673123
15068138
15199724
15397103
15528689
15594225
15594225
15527923
15396850
15330802
14871795
14412531
13887988
13297907
1
1
8771307
8312042
7721705
7065576
6212068
5227229
4439768
3521491
3390931
3654357
4704475
6344162
8180711
10148080
11656947
12575731
13101044
13428979
13625586
14018800
14215407
14477548
14411753
14477030
14345444
14344929
14410208
14409951
14344158
14540253
14343388
14277596
14080731
14080986
14015193
14080216
13948630
13883092
13817299
13620688
13423309
13028808
12634305
12239547
11516592
10661283
9806743
8820356
7505519
5992793
4217151
2769705
1914910
1520152
1060116
993554
1059093
1124886
1190679
1191193
1389083
1521439
1391136
1194784
1392677
1524263
1524263
1655849
1590056
1393192
1525292
1789237
1592887
1462588
1463617
1267780
1136711
1137226
1
1
1
1
1
1
1
1
1
1
1
1
1
1
1
1
1
1
1
1
1
1
1
1
1
1
1
1
1
1
1
1
1
1
1
1
1
1
1
1
1
1
1
1
1
1
1
1
1
1
1
1
1
1
1
1
1
1
1
1
1
1
1
1
1
1
1
1
1
1
1
1
1
1
1
1
1
1
1
1
1
15396850
15265264
15133678
14869993
14278110
13686485
12634566
11451315
11386290
11386802
11387317
11781821
12570568
13096658
13555928
13621467
13818332
13555414
13226189
12765636
12436923
12041905
11383712
10660244
9344639
7701355
5729366
4218959
3629910
4027244
4950918
5610909
5613484
5615027
6403514
7060673
7519940
8176329
8964301
9752276
10277850
10540765
10738144
10672351
10475999
10148062
9753817
9162708
8966099
8769234
8768980
8834773
9163224
9556184
9948885
10341584
10997199
11718350
12505295
13096146
13555668
14015705
14409951
14673123
15068138
15199724
15397103
15528689
15594225
15594225
15527923
15396850
15330802
14871795
14412531
13887988
13297907
12576241
1
1
9951724
9230574
8706028
8181740
7525867
6803430
5884384
5096666
4309460
4309717
4572631
5753820
7459043
9098984
11131889
12312820
12969717
13560565
13822965
14019314
14150128
14412271
14543084
14542569
14477030
14542308
14476001
14344415
14344158
14278365
14540253
14343388
14343389
14146524
14146524
14014938
14080216
14014423
13948885
13883092
13620434
13423309
13094344
12568512
12173754
11516594
10727078
10069146
9149322
8163196
6847847
5072205
3230001
1914655
1388311
1059347
992530
1058324
1124117
1058838
1059352
1191450
1324060
1390367
1062685
1392163
1523749
1523749
1523748
1261346
1130019
1262120
1657137
1527094
1528381
1529155
1464905
1531216
1
1
1
207123
9950695
9295080
8835559
8375780
7784673
6865627
5946327
4962771
4110289
3520976
3390674
4047060
5424602
6998753
8901610
10541808
11722479
12509678
12903665
13165549
13558509
13886956
14214892
14280424
14542569
14411237
14410722
14279136
14344158
14278365
14277595
14211802
13949400
13817814
13686228
13620435
13620434
13488848
13291469
13094344
12962758
12568255
12173754
11713457
10924455
10332318
9411985
8556931
7373678
6321245
4742725
3296047
2375715
1784347
1455127
1126421
1060116
1059861
1125400
1256986
1389083
1521439
1719587
1655077
1721642
1524777
1590570
1722156
1787950
1788464
1986100
2118456
1987900
1791292
1529151
1332543
1201986
1
1
154188
938814
1069886
1200445
1265469
1396541
1593152
1724483
1659204
1988685
2120271
2317395
2580567
2580567
2120016
1593158
1263675
933165
735269
405534
470299
732189
862747
598548
465678
530700
726795
857866
1186828
2172953
3751726
5396551
6515032
6777949
6647647
6386530
5730910
4811349
3694663
2971195
2707765
4614478
6257763
8558211
10267294
11318960
11844026
11909312
11777726
11777980
11318198
11449784
10990517
10069419
8820381
7241354
5399924
4019045
3953770
3954031
3757936
3626352
3429743
3232619
2642533
1857116
1333076
1202258
1070925
610368
478264
806196
740656
741168
151084
20268
20011
18729
1
1
10935272
337170
467215
203529
5636
135941
201220
266499
265729
397315
266499
201220
136195
70659
202500
597772
862228
1062686
1393192
2051121
2183734
2381627
2448704
2448965
2317637
2317383
2252105
2317643
2448459
2317128
2317126
2447942
2448451
2645314
2776385
2645569
2711362
2843462
3106634
3238734
3305040
3502419
3568212
3634005
3634005
3699285
3567699
3107403
2777924
2710847
2447159
1986351
1591078
1458464
1260826
1260312
1194774
1522969
1917727
2115876
2313255
2313769
2576941
2577199
2380334
2250032
2119217
2054194
1857843
1530419
1202995
875318
547897
153911
22586
22587
22591
22593
1
1
15068399
15002606
14870506
14278367
13818071
12963531
11912380
11912891
11321524
10992559
11189684
11846845
12372935
12897998
13160656
13357775
13028808
12502462
12042164
11647915
10924445
9805704
8687477
6911580
4807747
3098930
3035713
3565146
3962735
4688264
5151131
5285033
5417903
6075319
6600893
6994880
7716805
8504780
9227219
9949401
10277852
10475231
10409438
9950169
9622231
9096915
8637648
8374733
8243917
8177870
8243408
8571859
8965845
9292753
9619148
10405834
10929606
11716806
12570059
13226703
13555154
14015192
14475743
14673635
15002600
15265772
15331565
15396846
15396846
15330544
15199471
15199216
14871281
14412016
13756142
13100269
12312553
11656421
1
1
1
1
1
1
1
1
1
1
1
1
1
1
1
1
1
1
1
1
1
1
1
1
1
1
1
1
1
1
1
1
1
1
1
1
1
1
1
1
1
1
1
1
1
1
1
1
1
1
1
1
1
1
1
1
1
1
1
1
1
1
1
1
1
1
1
1
1
1
1
1
1
1
1
1
1
1
1
1
1
337170
467215
203529
5636
135941
201220
266499
265729
397315
266499
201220
136195
70659
202500
597772
862228
1062686
1393192
2051121
2183734
2381627
2448704
2448965
2317637
2317383
2252105
2317643
2448459
2317128
2317126
2447942
2448451
2645314
2776385
2645569
2711362
2843462
3106634
3238734
3305040
3502419
3568212
3634005
3634005
3699285
3567699
3107403
2777924
2710847
2447159
1986351
1591078
1458464
1260826
1260312
1194774
1522969
1917727
2115876
2313255
2313769
2576941
2577199
2380334
2250032
2119217
2054194
1857843
1530419
1202995
875318
547897
153911
22586
22587
22591
22593
22597
1
1
15396850
15265264
15133678
14869993
14278110
13686485
12634566
11451315
11386290
11386802
11387317
11781821
12570568
13096658
13555928
13621467
13818332
13555414
13226189
12765636
12436923
12041905
11383712
10660244
9344639
7701355
5729366
4218959
3629910
4027244
4950918
5610909
5613484
5615027
6403514
7060673
7519940
8176329
8964301
9752276
10277850
10540765
10738144
10672351
10475999
10148062
9753817
9162708
8966099
8769234
8768980
8834773
9163224
9556184
9948885
10341584
10997199
11718350
12505295
13096146
13555668
14015705
14409951
14673123
15068138
15199724
15397103
15528689
15594225
15594225
15527923
15396850
15330802
14871795
14412531
13887988
13297907
12576241
1
1
1
742462
15200499
15003120
14871534
14674155
14213858
13819355
13162194
12373189
11452856
10532522
9743006
9677213
10334120
11122868
11648700
11977150
12436923
12305591
11779247
11056035
10266774
9411463
8622202
8030320
7767663
7637363
7573372
7312261
6459785
5475465
5214096
5019288
5218980
5023399
5418157
5747122
6075319
6535100
7520454
8308942
8899538
9096147
9358805
9161940
8899536
8440269
7718087
7126977
6732479
6667456
6732994
6864580
7258569
7652555
8045257
8503237
9289408
9878716
10731195
11650241
12437701
13028808
13423309
13818067
14146778
14475743
14739428
14936807
15002345
15068138
15133419
15067626
14804713
14541800
14082533
13622755
12966880
1
1
143898
10801628
10342108
10013913
9488342
8962257
8239307
7188932
6335936
5549505
5025986
4634053
5029065
5882063
7062998
8506848
10015718
11327974
12312296
12771818
13231082
13624041
13886441
14279912
14345190
14279651
14344929
14344929
14279136
14344415
14212829
14146779
14015193
13883607
13752021
13554642
13357263
13225676
13028297
12765125
12568000
12173499
11647410
11121066
10398113
9740183
9148814
8622470
7833722
7176299
6255965
4940104
3296817
2375715
1784092
1586972
1586972
1586460
1783584
2047013
2310185
2376748
2443310
2444079
2378800
2182193
1985328
1919536
1854257
1789237
1789751
1922107
1988672
1989186
1727298
1595715
1333313
1136448
1
1
88138
740149
935984
868910
802603
932650
997672
865831
800038
734245
931370
932140
932140
865577
668198
667938
667937
471328
537120
864802
732959
796699
533013
400146
530704
267019
464138
529931
792588
990222
1319185
1779736
2108701
2701608
2833965
2639411
2444342
1921077
1658933
1659188
2052148
3036988
5139284
7768695
9872022
11186604
11844281
12106945
12041668
12041666
11516091
10990001
10134438
9016727
8161420
7108993
5859187
6056827
6517636
7175057
7307158
7044755
6453132
5663616
4744563
3169118
2382166
2250835
2054223
2053962
2382666
2776907
2382917
2055234
1135671
414259
20784
20013
1
1
730900
72457
5636
70661
70148
201220
398085
332806
332806
267527
268040
202245
137222
400394
533263
863769
1194529
1918252
2182707
2249270
2250042
2184509
2053438
2053954
2119492
2185030
2185030
2119492
2184770
2250817
2447681
2776386
2776385
2711362
2908741
3040841
3238734
3436626
3437140
3766105
3831898
3897691
3897691
3963484
3831898
3568211
3173453
2909510
2842433
2447161
1920558
1722150
1524257
1326619
1326360
1457176
1786141
1984290
2181669
2247976
2511148
2511406
2380334
2184239
1987631
1988401
1660977
1268017
1071411
809525
416311
88118
22329
22587
22591
22339
22597
22600
1
1
1
1
1
1
1
1
1
1
1
1
1
1
1
1
1
1
1
1
1
1
1
1
1
1
1
1
1
1
1
1
1
1
1
1
1
1
1
1
1
1
1
1
1
1
1
1
1
1
1
1
1
1
1
1
1
1
1
1
1
1
1
1
1
1
1
1
1
1
1
1
1
1
1
1
1
1
1
1
1
740149
935984
868910
802603
932650
997672
865831
800038
734245
931370
932140
932140
865577
668198
667938
667937
471328
537120
864802
732959
796699
533013
400146
530704
267019
464138
529931
792588
990222
1319185
1779736
2108701
2701608
2833965
2639411
2444342
1921077
1658933
1659188
2052148
3036988
5139284
7768695
9872022
11186604
11844281
12106945
12041668
12041666
11516091
10990001
10134438
9016727
8161420
7108993
5859187
6056827
6517636
7175057
7307158
7044755
6453132
5663616
4744563
3169118
2382166
2250835
2054223
2053962
2382666
2776907
2382917
2055234
1135671
414259
20784
20013
19243
1
1
337170
467215
203529
5636
135941
201220
266499
265729
397315
266499
201220
136195
70659
202500
597772
862228
1062686
1393192
2051121
2183734
2381627
2448704
2448965
2317637
2317383
2252105
2317643
2448459
2317128
2317126
2447942
2448451
2645314
2776385
2645569
2711362
2843462
3106634
3238734
3305040
3502419
3568212
3634005
3634005
3699285
3567699
3107403
2777924
2710847
2447159
1986351
1591078
1458464
1260826
1260312
1194774
1522969
1917727
2115876
2313255
2313769
2576941
2577199
2380334
2250032
2119217
2054194
1857843
1530419
1202995
875318
547897
153911
22586
22587
22591
22593
22597
1
1
1
11392474
931873
1126941
1059865
861459
663312
662285
793357
728078
925715
728850
663826
729619
729619
663826
532494
335629
270091
336911
1060888
1654053
2115374
2050352
2116661
2117433
1854777
1920315
1920060
1920315
1854777
1854777
1986361
2052409
2447420
2645054
2842948
3040841
3435599
3568212
3700057
3700827
3963999
4029792
3964513
4030306
4227170
4227170
4029791
3766619
3305554
3107661
2711876
2250810
2052144
1722664
1656097
1523998
1721118
1917727
1918242
2049828
2050342
2247721
2247980
2182701
1855020
1724459
1528364
1397805
938798
808239
480560
284211
21556
21815
21819
21822
21825
1
1
544311
14740975
14675182
14740720
14609389
14280167
13754334
13162196
12242117
10992819
10072485
9349017
9611420
10531754
11386808
12175299
12569541
12897731
12502973
11845557
11385776
11254190
11319983
11451569
11713971
11582385
11386036
10927027
10401970
9614515
8958387
7841962
6463393
5480096
4759198
4628641
4892327
5155756
5418928
6075833
6929858
7454661
7848391
7913671
7782598
7585987
7060671
6207158
5484464
5221551
5156272
5222580
5617083
6077120
6471106
7126211
7716032
8567741
9288122
9943220
10598579
11188661
11714232
12436926
12896965
13291469
13686227
14015192
14278364
14344670
14476256
14541537
14475744
14475744
14278110
13949402
13555414
12964305
1
1
474659
11388102
10797509
10206399
9615546
9024181
8301486
7512742
6725024
6069151
5808549
5810606
6206135
6928832
7847881
9095379
10276570
11720671
12442592
12967650
13295585
13688802
14016995
14344930
14476001
14410208
14278877
14081498
13949912
13686999
13621206
13686230
13620437
13620435
13554642
13488848
13423055
13357262
13225676
13094090
13028297
12831429
12634050
12305855
11976890
11319474
10793130
10069921
9346707
8294527
7045226
5400656
3691321
2967598
2770733
2902832
3034418
3362616
3428409
3428412
3297850
3297849
2904375
2904630
2642229
2642230
2248500
2051636
1855284
1658935
1593913
1464126
1661508
1728071
1596744
1530951
1267779
1070655
1
1
869164
802089
801062
996388
798752
666397
600604
534811
601118
798754
864802
799009
799009
930338
930850
470813
470813
667166
732189
861978
598293
597011
530704
661263
595724
529931
464137
661771
859664
1320469
1649434
1912863
1980454
2049072
1920054
1593656
1397302
1330995
1461295
2247986
4678733
7505266
9937300
11318188
12107196
12370886
12568010
12634058
12108482
11515831
10332071
8884625
7635074
7042941
6780028
7766670
8227482
8753571
8885671
8819878
8359839
7636116
6782344
4811373
3760479
3497561
3893088
4616550
5208685
5734768
5669744
4947816
3501910
1728324
611125
282160
610096
739372
1
1
1
1
1
1
1
1
1
1
1
1
1
1
1
1
1
1
1
1
1
1
1
1
1
1
1
1
1
1
1
1
1
1
1
1
1
1
1
1
1
1
1
1
1
1
1
1
1
1
1
1
1
1
1
1
1
1
1
1
1
1
1
1
1
1
1
1
1
1
1
1
1
1
1
1
1
1
1
1
1
11388102
10797509
10206399
9615546
9024181
8301486
7512742
6725024
6069151
5808549
5810606
6206135
6928832
7847881
9095379
10276570
11720671
12442592
12967650
13295585
13688802
14016995
14344930
14476001
14410208
14278877
14081498
13949912
13686999
13621206
13686230
13620437
13620435
13554642
13488848
13423055
13357262
13225676
13094090
13028297
12831429
12634050
12305855
11976890
11319474
10793130
10069921
9346707
8294527
7045226
5400656
3691321
2967598
2770733
2902832
3034418
3362616
3428409
3428412
3297850
3297849
2904375
2904630
2642229
2642230
2248500
2051636
1855284
1658935
1593913
1464126
1661508
1728071
1596744
1530951
1267779
1070655
807483
1
1
740149
935984
868910
802603
932650
997672
865831
800038
734245
931370
932140
932140
865577
668198
667938
667937
471328
537120
864802
732959
796699
533013
400146
530704
267019
464138
529931
792588
990222
1319185
1779736
2108701
2701608
2833965
2639411
2444342
1921077
1658933
1659188
2052148
3036988
5139284
7768695
9872022
11186604
11844281
12106945
12041668
12041666
11516091
10990001
10134438
9016727
8161420
7108993
5859187
6056827
6517636
7175057
7307158
7044755
6453132
5663616
4744563
3169118
2382166
2250835
2054223
2053962
2382666
2776907
2382917
2055234
1135671
414259
20784
20013
19243
1
1
1
152647
802857
932132
930591
995100
928025
598803
598034
729620
992792
928025
1060125
930077
864798
733725
602653
602653
799518
733212
863516
928025
926998
859922
727309
661002
726026
857867
989453
793357
793871
991763
1387289
1650975
1586469
1654573
1525812
1265209
873276
874044
1004087
1133616
1721642
4349768
7636082
10134422
11646383
12370367
12765898
13094863
13554644
13357520
12765383
11712695
9936284
8028801
7831423
8818578
9739427
10266285
10858167
10990266
10990521
10858935
10332589
9543842
8229005
7111293
7177343
8558739
9676960
10070948
10333093
10333861
9743520
9218972
7577225
5473131
3828304
1
1
11651013
5338461
5008728
4020550
2440491
1386008
1122322
1385494
1517594
1452059
1255964
1190685
1125149
1190940
1256733
1321756
1321242
992531
663565
401163
533774
995095
1259297
1457448
1523755
1458223
1392944
1524530
1524530
1458992
1459246
1590831
1656878
2117941
2316089
2842433
3106889
3436113
3765591
3963229
4029792
4030052
4227431
4359271
4359271
4425064
4425064
4424549
4227170
4029792
3700827
3370833
2909510
2579261
2249523
2051115
1985062
1918242
1720863
1655070
1720863
1721123
1852709
1918760
1919274
1657641
1527082
1330731
1134379
741419
544812
282927
86577
21042
21046
21049
21309
86849
1
1
608563
14281453
14215660
14478318
14412525
14017766
13623262
12965587
12045508
10927796
10270377
9744032
9941154
10729647
11584442
12307142
12701643
12898252
12766666
12700874
12766926
12832721
12832466
13029331
13095124
13094609
13226195
12963791
12372427
11584454
10928065
10074299
8762037
6268325
4758682
3904917
3905944
4038559
4301731
4630442
5287344
6009526
6403000
6534327
6468534
6205875
5746607
5155754
4630437
4302247
4171432
4434350
4829108
5223098
5616569
6206650
6993082
7581874
8368048
8891560
9283489
9675936
10464165
11450801
12370876
13027783
13356748
13488848
13620434
13555154
13555154
13489361
13488848
13554127
13422795
13093830
12764865
12304828
1
1
10729654
9941679
9219497
8431779
7905692
7051667
6394767
5738637
5805973
6070945
6663597
7386552
8305858
9422030
10603733
11719898
12507613
13032927
13426399
13819873
14148065
14476001
14410208
14344670
14213084
13949912
13686740
13423827
13292241
13357265
13291472
13357263
13423056
13488848
13488848
13488848
13488848
13423055
13423055
13357773
13094601
12766406
12437441
11714232
11253681
10596265
9938590
9083789
7834231
6058331
4480068
3625273
3428663
3560762
3757886
3888960
3888960
3823170
3692608
3561022
3233595
3233595
3102777
2773816
2380086
2183222
1986870
1659449
1397563
1464129
1399620
1465928
1466185
1334599
1136963
1004862
741690
543797
1
1
1
1
1
1
1
1
1
1
1
1
1
1
1
1
1
1
1
1
1
1
1
1
1
1
1
1
1
1
1
1
1
1
1
1
1
1
1
1
1
1
1
1
1
1
1
1
1
1
1
1
1
1
1
1
1
1
1
1
1
1
1
1
1
1
1
1
1
1
1
1
1
1
1
1
1
1
1
1
1
14281453
14215660
14478318
14412525
14017766
13623262
12965587
12045508
10927796
10270377
9744032
9941154
10729647
11584442
12307142
12701643
12898252
12766666
12700874
12766926
12832721
12832466
13029331
13095124
13094609
13226195
12963791
12372427
11584454
10928065
10074299
8762037
6268325
4758682
3904917
3905944
4038559
4301731
4630442
5287344
6009526
6403000
6534327
6468534
6205875
5746607
5155754
4630437
4302247
4171432
4434350
4829108
5223098
5616569
6206650
6993082
7581874
8368048
8891560
9283489
9675936
10464165
11450801
12370876
13027783
13356748
13488848
13620434
13555154
13555154
13489361
13488848
13554127
13422795
13093830
12764865
12304828
11910582
1
1
11388102
10797509
10206399
9615546
9024181
8301486
7512742
6725024
6069151
5808549
5810606
6206135
6928832
7847881
9095379
10276570
11720671
12442592
12967650
13295585
13688802
14016995
14344930
14476001
14410208
14278877
14081498
13949912
13686999
13621206
13686230
13620437
13620435
13554642
13488848
13423055
13357262
13225676
13094090
13028297
12831429
12634050
12305855
11976890
11319474
10793130
10069921
9346707
8294527
7045226
5400656
3691321
2967598
2770733
2902832
3034418
3362616
3428409
3428412
3297850
3297849
2904375
2904630
2642229
2642230
2248500
2051636
1855284
1658935
1593913
1464126
1661508
1728071
1596744
1530951
1267779
1070655
807483
1
1
1
5601374
10068378
9477525
8558478
7705478
7180675
6459005
5932919
5341810
4619117
5014647
5738886
6528662
7514020
8302255
9418939
10338499
11323592
12177357
12769237
13360345
13688283
14081757
14147036
14080985
14212572
13949912
13686740
13423568
13160396
12766152
12633797
12502466
12436673
12502466
12634052
12765638
12831431
12897224
12897224
12963017
12962762
12700359
12700359
12371908
11714748
11254197
10727853
10070176
9346447
8491906
7176558
5795419
4678476
4349768
4481354
4744526
4744272
4744272
4612686
4284491
3956294
3693377
3430974
3234109
2905916
2643258
2446651
2053691
1726014
1464383
1202755
1203527
1007177
1072970
1007177
809284
676414
1
1
217671
801319
1062177
1060893
1125145
926738
662796
794125
926484
992791
92